0	,	0.057535755205745
0.01	,	0.057533861002835
0.02	,	0.057528178784994
0.03	,	0.057518709725085
0.04	,	0.057505455777358
0.05	,	0.057488419676758
0.06	,	0.057467604937934
0.07	,	0.05744301585395
0.08	,	0.057414657494722
0.09	,	0.057382535705168
0.1	,	0.057346657103075
0.11	,	0.057307029076689
0.12	,	0.057263659782021
0.13	,	0.057216558139883
0.14	,	0.057165733832638
0.15	,	0.057111197300683
0.16	,	0.057052959738657
0.17	,	0.056991033091376
0.18	,	0.056925430049507
0.19	,	0.056856164044971
0.2	,	0.056783249246079
0.21	,	0.056706700552421
0.22	,	0.056626533589479
0.23	,	0.056542764703003
0.24	,	0.05645541095312
0.25	,	0.05636449010821
0.26	,	0.056270020638518
0.27	,	0.056172021709543
0.28	,	0.056070513175178
0.29	,	0.055965515570616
0.3	,	0.05585705010503
0.31	,	0.055745138654023
0.32	,	0.055629803751857
0.33	,	0.055511068583461
0.34	,	0.055388956976228
0.35	,	0.0552634933916
0.36	,	0.05513470291645
0.37	,	0.05500261125426
0.38	,	0.054867244716105
0.39	,	0.054728630211445
0.4	,	0.054586795238733
0.41	,	0.054441767875834
0.42	,	0.054293576770279
0.43	,	0.054142251129335
0.44	,	0.053987820709918
0.45	,	0.053830315808341
0.46	,	0.053669767249905
0.47	,	0.053506206378343
0.48	,	0.053339665045116
0.49	,	0.053170175598567
0.5	,	0.05299777087295
0.51	,	0.052822484177318
0.52	,	0.052644349284297
0.53	,	0.052463400418741
0.54	,	0.05227967224627
0.55	,	0.052093199861708
0.56	,	0.051904018777415
0.57	,	0.051712164911534
0.58	,	0.051517674576134
0.59	,	0.051320584465285
0.6	,	0.051120931643044
0.61	,	0.050918753531376
0.62	,	0.050714087898007
0.63	,	0.050506972844218
0.64	,	0.05029744679258
0.65	,	0.050085548474651
0.66	,	0.049871316918615
0.67	,	0.049654791436897
0.68	,	0.049436011613741
0.69	,	0.049215017292764
0.7	,	0.048991848564485
0.71	,	0.048766545753851
0.72	,	0.048539149407739
0.73	,	0.048309700282467
0.74	,	0.048078239331305
0.75	,	0.047844807691986
0.76	,	0.047609446674243
0.77	,	0.04737219774735
0.78	,	0.047133102527704
0.79	,	0.046892202766419
0.8	,	0.046649540336967
0.81	,	0.046405157222853
0.82	,	0.046159095505336
0.83	,	0.045911397351199
0.84	,	0.045662105000579
0.85	,	0.045411260754844
0.86	,	0.045158906964552
0.87	,	0.044905086017463
0.88	,	0.044649840326637
0.89	,	0.044393212318602
0.9	,	0.044135244421609
0.91	,	0.043875979053978
0.92	,	0.043615458612527
0.93	,	0.043353725461102
0.94	,	0.043090821919211
0.95	,	0.042826790250756
0.96	,	0.042561672652875
0.97	,	0.042295511244897
0.98	,	0.042028348057416
0.99	,	0.041760225021476
1	,	0.041491183957887
1.01	,	0.041221266566669
1.02	,	0.040950514416616
1.03	,	0.040678968935004
1.04	,	0.040406671397431
1.05	,	0.040133662917797
1.06	,	0.039859984438426
1.07	,	0.039585676720334
1.08	,	0.039310780333649
1.09	,	0.039035335648176
1.1	,	0.03875938282412
1.11	,	0.038482961802959
1.12	,	0.038206112298488
1.13	,	0.037928873788009
1.14	,	0.037651285503692
1.15	,	0.037373386424099
1.16	,	0.037095215265877
1.17	,	0.036816810475614
1.18	,	0.03653821022187
1.19	,	0.036259452387381
1.2	,	0.03598057456143
1.21	,	0.035701614032401
1.22	,	0.035422607780501
1.23	,	0.035143592470666
1.24	,	0.034864604445642
1.25	,	0.034585679719245
1.26	,	0.034306853969805
1.27	,	0.034028162533785
1.28	,	0.033749640399587
1.29	,	0.033471322201538
1.3	,	0.03319324221406
1.31	,	0.032915434346021
1.32	,	0.032637932135273
1.33	,	0.032360768743367
1.34	,	0.032083976950465
1.35	,	0.031807589150417
1.36	,	0.031531637346041
1.37	,	0.031256153144572
1.38	,	0.0309811677533
1.39	,	0.030706711975396
1.4	,	0.030432816205908
1.41	,	0.030159510427954
1.42	,	0.029886824209082
1.43	,	0.029614786697824
1.44	,	0.029343426620418
1.45	,	0.029072772277718
1.46	,	0.028802851542279
1.47	,	0.028533691855619
1.48	,	0.028265320225656
1.49	,	0.027997763224326
1.5	,	0.027731046985364
1.51	,	0.02746519720227
1.52	,	0.027200239126438
1.53	,	0.026936197565457
1.54	,	0.026673096881352
1.55	,	0.026410960990138
1.56	,	0.026149813359245
1.57	,	0.025889677007402
1.58	,	0.025630574506552
1.59	,	0.02537252796907
1.6	,	0.025115559065313
1.61	,	0.024859689011155
1.62	,	0.02460493857076
1.63	,	0.024351328056491
1.64	,	0.024098877328974
1.65	,	0.023847605797304
1.66	,	0.023597532419402
1.67	,	0.023348675702518
1.68	,	0.023101053703868
1.69	,	0.022854684031422
1.7	,	0.022609583844822
1.71	,	0.02236576985644
1.72	,	0.022123258332564
1.73	,	0.021882065094726
1.74	,	0.02164220552114
1.75	,	0.021403694548289
1.76	,	0.021166546672617
1.77	,	0.020930775952354
1.78	,	0.020696396009451
1.79	,	0.020463420031644
1.8	,	0.020231860774617
1.81	,	0.020001730564288
1.82	,	0.019773041299201
1.83	,	0.019545804453023
1.84	,	0.019320031077144
1.85	,	0.019095731803382
1.86	,	0.018872916846788
1.87	,	0.01865159600854
1.88	,	0.018431778678939
1.89	,	0.018213473840492
1.9	,	0.017996690071084
1.91	,	0.017781435547241
1.92	,	0.017567718047465
1.93	,	0.017355544955665
1.94	,	0.017144923264656
1.95	,	0.016935859579735
1.96	,	0.016728360122338
1.97	,	0.016522430733755
1.98	,	0.016318076878929
1.99	,	0.016115303650306
2	,	0.015914115771757
2.01	,	0.015714517602559
2.02	,	0.015516513141435
2.03	,	0.015320106030645
2.04	,	0.01512529956014
2.05	,	0.014932096668751
2.06	,	0.014740499960459
2.07	,	0.014550511690659
2.08	,	0.014362133782518
2.09	,	0.014175367828348
2.1	,	0.013990215094025
2.11	,	0.013806676523444
2.12	,	0.013624752743007
2.13	,	0.013444444066147
2.14	,	0.013265750497875
2.15	,	0.013088671739366
2.16	,	0.012913207192557
2.17	,	0.012739355964777
2.18	,	0.012567116873398
2.19	,	0.012396488450502
2.2	,	0.012227468947563
2.21	,	0.012060056340152
2.22	,	0.011894248332647
2.23	,	0.011730042362956
2.24	,	0.011567435607251
2.25	,	0.011406424984709
2.26	,	0.01124700716225
2.27	,	0.011089178559292
2.28	,	0.010932935352497
2.29	,	0.010778273480517
2.3	,	0.010625188648744
2.31	,	0.010473676334021
2.32	,	0.010323731789492
2.33	,	0.010175350049158
2.34	,	0.010028525932717
2.35	,	0.0098832540502361
2.36	,	0.0097395288068529
2.37	,	0.0095973444074565
2.38	,	0.0094566948613544
2.39	,	0.0093175739869222
2.4	,	0.0091799754162365
2.41	,	0.0090438925996859
2.42	,	0.0089093188105621
2.43	,	0.008776247149628
2.44	,	0.0086446705496628
2.45	,	0.0085145817799811
2.46	,	0.0083859734509254
2.47	,	0.0082588380183325
2.48	,	0.0081331677879697
2.49	,	0.0080089549199422
2.5	,	0.0078861914330687
2.51	,	0.0077648692092256
2.52	,	0.0076449799976577
2.53	,	0.0075265154192549
2.54	,	0.0074094669707944
2.55	,	0.0072938260291459
2.56	,	0.0071795838554408
2.57	,	0.007066731599203
2.58	,	0.0069552603024416
2.59	,	0.0068451609037041
2.6	,	0.0067364242420886
2.61	,	0.0066290410612166
2.62	,	0.006523002013163
2.63	,	0.0064182976623378
2.64	,	0.0063149184893542
2.65	,	0.0062128548947976
2.66	,	0.0061120972030033
2.67	,	0.0060126356657643
2.68	,	0.0059144604659987
2.69	,	0.0058175617213709
2.7	,	0.0057219294878676
2.71	,	0.0056275537633256
2.72	,	0.0055344244909143
2.73	,	0.0054425315625696
2.74	,	0.0053518648223801
2.75	,	0.0052624140699256
2.76	,	0.0051741690635671
2.77	,	0.0050871195236876
2.78	,	0.0050012551358845
2.79	,	0.0049165655541125
2.8	,	0.0048330404037778
2.81	,	0.0047506692847815
2.82	,	0.0046694417745146
2.83	,	0.0045893474308026
2.84	,	0.0045103757947999
2.85	,	0.0044325163938351
2.86	,	0.0043557587442051
2.87	,	0.0042800923539206
2.88	,	0.0042055067253995
2.89	,	0.0041319913581128
2.9	,	0.0040595357511781
2.91	,	0.0039881294059042
2.92	,	0.003917761828286
2.93	,	0.0038484225314492
2.94	,	0.0037801010380453
2.95	,	0.0037127868832951
2.96	,	0.0036464696144909
2.97	,	0.0035811387974357
2.98	,	0.003516784015845
2.99	,	0.0034533948741948
3	,	0.0033909609998216
3.01	,	0.0033294720449743
3.02	,	0.0032689176888175
3.03	,	0.0032092876393869
3.04	,	0.0031505716354976
3.05	,	0.0030927594486042
3.06	,	0.0030358408846146
3.07	,	0.0029798057856563
3.08	,	0.0029246440317972
3.09	,	0.0028703455427195
3.1	,	0.002816900279348
3.11	,	0.0027642982454339
3.12	,	0.0027125294890921
3.13	,	0.0026615841042956
3.14	,	0.0026114522323242
3.15	,	0.0025621240631704
3.16	,	0.0025135898369018
3.17	,	0.0024658398449798
3.18	,	0.0024188644315369
3.19	,	0.0023726539946112
3.2	,	0.0023271989873393
3.21	,	0.0022824899191083
3.22	,	0.0022385173566672
3.23	,	0.0021952719251976
3.24	,	0.002152744309345
3.25	,	0.0021109252535382
3.26	,	0.0020698055656341
3.27	,	0.0020293761137933
3.28	,	0.0019896278300515
3.29	,	0.001950551710485
3.3	,	0.0019121388160144
3.31	,	0.001874380273171
3.32	,	0.0018372672748277
3.33	,	0.0018007910808955
3.34	,	0.001764943018984
3.35	,	0.0017297144850286
3.36	,	0.0016950969438838
3.37	,	0.0016610819298835
3.38	,	0.0016276610473682
3.39	,	0.0015948259711811
3.4	,	0.0015625684471314
3.41	,	0.0015308802924278
3.42	,	0.0014997533960811
3.43	,	0.0014691797192763
3.44	,	0.0014391512957162
3.45	,	0.0014096602319357
3.46	,	0.0013806987075878
3.47	,	0.0013522589757017
3.48	,	0.0013243333631052
3.49	,	0.0012969142698642
3.5	,	0.0012699941706077
3.51	,	0.0012435656139157
3.52	,	0.0012176212226372
3.53	,	0.0011921536939935
3.54	,	0.0011671557996561
3.55	,	0.0011426203858022
3.56	,	0.0011185403731462
3.57	,	0.0010949087569495
3.58	,	0.0010717186070075
3.59	,	0.0010489630676157
3.6	,	0.0010266353575146
3.61	,	0.0010047287698138
3.62	,	0.00098323667189631
3.63	,	0.00096215250530381
3.64	,	0.00094146978560203
3.65	,	0.00092118210222818
3.66	,	0.00090128311832021
3.67	,	0.00088176657052844
3.68	,	0.00086262626881021
3.69	,	0.00084385609620776
3.7	,	0.00082545000861013
3.71	,	0.00080740203449925
3.72	,	0.00078970627468083
3.73	,	0.0007723569020005
3.74	,	0.00075534816104563
3.75	,	0.00073867436783316
3.76	,	0.00072232990948414
3.77	,	0.00070630924388512
3.78	,	0.0006906068991427
3.79	,	0.00067521747399709
3.8	,	0.00066013563628224
3.81	,	0.00064535612331565
3.82	,	0.00063087374130708
3.83	,	0.00061668336495063
3.84	,	0.00060277993700677
3.85	,	0.00058915846787455
3.86	,	0.00057581403515453
3.87	,	0.00056274178320263
3.88	,	0.00054993692267544
3.89	,	0.00053739473006721
3.9	,	0.00052511054723905
3.91	,	0.00051307978094053
3.92	,	0.00050129790232406
3.93	,	0.00048976044645256
3.94	,	0.00047846301180051
3.95	,	0.00046740125974888
3.96	,	0.00045657091407422
3.97	,	0.00044596776043223
3.98	,	0.00043558764583607
3.99	,	0.00042542647812986
4	,	0.00041548022545751
4.01	,	0.00040574491572728
4.02	,	0.00039621663607232
4.03	,	0.00038689153230755
4.04	,	0.00037776580838295
4.05	,	0.00036883572583385
4.06	,	0.00036009760322821
4.07	,	0.00035154781561132
4.08	,	0.00034318279394806
4.09	,	0.00033499902456312
4.1	,	0.00032699304857923
4.11	,	0.00031916146135383
4.12	,	0.00031150091191432
4.13	,	0.00030400810239207
4.14	,	0.00029667978745557
4.15	,	0.00028951277374273
4.16	,	0.0002825039192928
4.17	,	0.00027565013297785
4.18	,	0.00026894837393414
4.19	,	0.00026239565099374
4.2	,	0.00025598902211615
4.21	,	0.00024972559382067
4.22	,	0.00024360252061919
4.23	,	0.00023761700444997
4.24	,	0.00023176629411225
4.25	,	0.0002260476847022
4.26	,	0.00022045851705004
4.27	,	0.00021499617715873
4.28	,	0.00020965809564427
4.29	,	0.00020444174717772
4.3	,	0.00019934464992927
4.31	,	0.00019436436501423
4.32	,	0.00018949849638227
4.33	,	0.00018474468853389
4.34	,	0.00018010062853542
4.35	,	0.00017556404379041
4.36	,	0.00017113270191359
4.37	,	0.00016680441019198
4.38	,	0.00016257701504894
4.39	,	0.00015844840151126
4.4	,	0.00015441649267934
4.41	,	0.00015047924920057
4.42	,	0.00014663466874609
4.4299999999999	,	0.00014288078549085
4.4399999999999	,	0.0001392156695972
4.4499999999999	,	0.00013563742670211
4.4599999999999	,	0.00013214419740788
4.4699999999999	,	0.00012873415677673
4.4799999999999	,	0.00012540551382903
4.4899999999999	,	0.00012215651104551
4.4999999999999	,	0.00011898542387333
4.5099999999999	,	0.0001158905602361
4.5199999999999	,	0.000112870260048
4.5299999999999	,	0.00010992289473194
4.5399999999999	,	0.00010704686674189
4.5499999999999	,	0.00010424060908942
4.5599999999999	,	0.00010150258487441
4.5699999999999	,	9.8831286772113e-05
4.5799999999999	,	9.6225236764379e-05
4.5899999999999	,	9.3682985395608e-05
4.5999999999999	,	9.1203111512623e-05
4.6099999999999	,	8.8784221769244e-05
4.6199999999999	,	8.6424950183239e-05
4.6299999999999	,	8.4123957697756e-05
4.6399999999999	,	8.1879931747254e-05
4.6499999999999	,	7.969158582794e-05
4.6599999999999	,	7.7557659072762e-05
4.6699999999999	,	7.5476915830947e-05
4.6799999999999	,	7.3448145252103e-05
4.6899999999999	,	7.1470160874912e-05
4.6999999999999	,	6.9541800220411e-05
4.7099999999999	,	6.7661924389862e-05
4.7199999999999	,	6.5829417667244e-05
4.7299999999999	,	6.4043187126336e-05
4.7399999999999	,	6.2302162242425e-05
4.7499999999999	,	6.0605294508615e-05
4.7599999999999	,	5.8951557056745e-05
4.7699999999999	,	5.7339944282921e-05
4.7799999999999	,	5.5769471477637e-05
4.7899999999999	,	5.4239174460504e-05
4.7999999999999	,	5.2748109219543e-05
4.8099999999999	,	5.1295351555079e-05
4.8199999999999	,	4.9879996728176e-05
4.8299999999999	,	4.8501159113637e-05
4.8399999999999	,	4.7157971857538e-05
4.8499999999999	,	4.5849586539278e-05
4.8599999999999	,	4.4575172838138e-05
4.8699999999999	,	4.3333918204329e-05
4.8799999999999	,	4.2125027534496e-05
4.8899999999999	,	4.0947722850781e-05
4.8999999999999	,	3.9801242989689e-05
4.9099999999999	,	3.8684843281902e-05
4.9199999999999	,	3.7597795254403e-05
4.9299999999999	,	3.6539386323512e-05
4.9399999999999	,	3.5508919497616e-05
4.9499999999999	,	3.4505713083313e-05
4.9599999999999	,	3.3529100395824e-05
4.9699999999999	,	3.2578429473649e-05
4.9799999999999	,	3.165306279744e-05
4.9899999999999	,	3.0752377013059e-05
4.9999999999999	,	2.9875762658787e-05
5.0099999999999	,	2.9022623896655e-05
5.0199999999999	,	2.8192378247878e-05
5.0299999999999	,	2.7384456332326e-05
5.0399999999999	,	2.6598301612037e-05
5.0499999999999	,	2.583337013871e-05
5.0599999999999	,	2.508913030516e-05
5.0699999999999	,	2.4365062600694e-05
5.0799999999999	,	2.3660659370364e-05
5.0899999999999	,	2.2975424578084e-05
5.0999999999999	,	2.2308873573548e-05
5.1099999999999	,	2.166053286293e-05
5.1199999999999	,	2.1029939883325e-05
5.1299999999999	,	2.0416642780889e-05
5.1399999999999	,	1.982020019265e-05
5.1499999999999	,	1.9240181031934e-05
5.1599999999999	,	1.8676164277397e-05
5.1699999999999	,	1.8127738765587e-05
5.1799999999999	,	1.7594502987038e-05
5.1899999999999	,	1.7076064885821e-05
5.1999999999999	,	1.6572041662539e-05
5.2099999999999	,	1.608205958071e-05
5.2199999999999	,	1.5605753776512e-05
5.2299999999999	,	1.5142768071841e-05
5.2399999999999	,	1.4692754790643e-05
5.2499999999999	,	1.4255374578493e-05
5.2599999999999	,	1.3830296225362e-05
5.2699999999999	,	1.341719649155e-05
5.2799999999999	,	1.3015759936735e-05
5.2899999999999	,	1.2625678752101e-05
5.2999999999999	,	1.2246652595511e-05
5.3099999999999	,	1.1878388429679e-05
5.3199999999999	,	1.1520600363298e-05
5.3299999999999	,	1.1173009495102e-05
5.3399999999999	,	1.0835343760805e-05
5.3499999999999	,	1.0507337782881e-05
5.3599999999999	,	1.0188732723158e-05
5.3699999999999	,	9.8792761381761e-06
5.3799999999999	,	9.5787218372698e-06
5.3899999999999	,	9.286829743346e-06
5.3999999999999	,	9.0033657563115e-06
5.4099999999999	,	8.7281016191142e-06
5.4199999999999	,	8.4608147863605e-06
5.4299999999999	,	8.2012882954716e-06
5.4399999999999	,	7.9493106403394e-06
5.4499999999999	,	7.7046756474477e-06
5.4599999999999	,	7.4671823544185e-06
5.4699999999999	,	7.2366348909495e-06
5.4799999999999	,	7.0128423621047e-06
5.4899999999999	,	6.7956187339222e-06
5.4999999999999	,	6.5847827213034e-06
5.5099999999999	,	6.3801576781481e-06
5.5199999999999	,	6.1815714897506e-06
5.5299999999999	,	5.9888564671171e-06
5.5399999999999	,	5.8018492439316e-06
5.5499999999999	,	5.620390675119e-06
5.5599999999999	,	5.4443257377351e-06
5.5699999999999	,	5.2735034338422e-06
5.5799999999999	,	5.1077766953904e-06
5.5899999999999	,	4.9470022910688e-06
5.5999999999999	,	4.7910407350954e-06
5.6099999999999	,	4.6397561979116e-06
5.6199999999999	,	4.4930164187511e-06
5.6299999999999	,	4.3506926200489e-06
5.6399999999999	,	4.2126594230695e-06
5.6499999999999	,	4.078794768274e-06
5.6599999999999	,	3.9489798314988e-06
5.6699999999999	,	3.8230989478026e-06
5.6799999999999	,	3.7010395340162e-06
5.6899999999999	,	3.5826920135465e-06
5.6999999999999	,	3.4679497428088e-06
5.7099999999999	,	3.3567089392546e-06
5.7199999999999	,	3.248868611814e-06
5.7299999999999	,	3.1443304888244e-06
5.7399999999999	,	3.0429989553163e-06
5.7499999999999	,	2.9447809841633e-06
5.7599999999999	,	2.8495860724008e-06
5.7699999999999	,	2.7573261782512e-06
5.7799999999999	,	2.6679156595518e-06
5.7899999999999	,	2.5812712135605e-06
5.7999999999999	,	2.497311818112e-06
5.8099999999999	,	2.4159586741004e-06
5.8199999999999	,	2.3371351492611e-06
5.8299999999999	,	2.2607667232287e-06
5.8399999999999	,	2.1867809344392e-06
5.8499999999999	,	2.1151073252008e-06
5.8599999999999	,	2.0456773942788e-06
5.8699999999999	,	1.9784245441257e-06
5.8799999999999	,	1.9132840326634e-06
5.8899999999999	,	1.8501929254879e-06
5.8999999999999	,	1.7890900491834e-06
5.9099999999999	,	1.7299159457254e-06
5.9199999999999	,	1.6726128279506e-06
5.9299999999999	,	1.617124536071e-06
5.9399999999999	,	1.5633964952121e-06
5.9499999999999	,	1.5113756739542e-06
5.9599999999999	,	1.4610105438549e-06
5.9699999999999	,	1.4122510399353e-06
5.9799999999999	,	1.365048522107e-06
5.9899999999999	,	1.3193557375229e-06
5.9999999999999	,	1.2751267838304e-06
6.0099999999999	,	1.2323170731878e-06
6.0199999999999	,	1.190883297765e-06
6.0299999999999	,	1.1507833948392e-06
6.0399999999999	,	1.1119765139889e-06
6.0499999999999	,	1.0744229844572e-06
6.0599999999999	,	1.0380842834406e-06
6.0699999999999	,	1.0029230051543e-06
6.0799999999999	,	9.6890283065979e-07
6.0899999999999	,	9.3598849843549e-07
6.0999999999999	,	9.0414577567636e-07
6.1099999999999	,	8.7334143030539e-07
6.1199999999999	,	8.4354320368195e-07
6.1299999999999	,	8.1471978399136e-07
6.1399999999999	,	7.8684078030068e-07
6.1499999999999	,	7.5987669726607e-07
6.1599999999999	,	7.3379891047706e-07
6.1699999999999	,	7.0857964242354e-07
6.1799999999999	,	6.8419193907148e-07
6.1899999999999	,	6.6060964703364e-07
6.1999999999999	,	6.3780739132193e-07
6.2099999999999	,	6.1576055366799e-07
6.2199999999999	,	5.944452513992e-07
6.2299999999999	,	5.7383831922576e-07
6.2399999999999	,	5.53917277348e-07
6.2499999999999	,	5.3466033560643e-07
6.2599999999999	,	5.1604635077153e-07
6.2699999999999	,	4.9805481985287e-07
6.2799999999999	,	4.8066585967899e-07
6.2899999999999	,	4.6386018931986e-07
6.2999999999999	,	4.47619112976e-07
6.3099999999999	,	4.3192450329109e-07
6.3199999999999	,	4.1675878514127e-07
6.3299999999999	,	4.0210491982534e-07
6.3399999999999	,	3.8794638968141e-07
6.3499999999999	,	3.7426718311452e-07
6.3599999999999	,	3.610517800193e-07
6.3699999999999	,	3.4828513759545e-07
6.3799999999999	,	3.359526765306e-07
6.3899999999999	,	3.2404026757679e-07
6.3999999999999	,	3.1253421846562e-07
6.4099999999999	,	3.0142126118702e-07
6.4199999999999	,	2.906885396098e-07
6.4299999999999	,	2.8032359743769e-07
6.4399999999999	,	2.7031436649267e-07
6.4499999999999	,	2.6064915531738e-07
6.4599999999999	,	2.5131663808882e-07
6.4699999999999	,	2.4230584383556e-07
6.4799999999999	,	2.336061459509e-07
6.4899999999999	,	2.2520725199457e-07
6.4999999999999	,	2.170991937757e-07
6.5099999999999	,	2.0927231771011e-07
6.5199999999999	,	2.0171727544009e-07
6.5299999999999	,	1.9442501473811e-07
6.5399999999999	,	1.8738677061795e-07
6.5499999999999	,	1.8059405673956e-07
6.5599999999999	,	1.7403865703199e-07
6.5699999999999	,	1.6771261755586e-07
6.5799999999999	,	1.6160823859468e-07
6.5899999999999	,	1.5571806697263e-07
6.5999999999999	,	1.5003488861967e-07
6.6099999999999	,	1.4455172112367e-07
6.6199999999999	,	1.3926180702487e-07
6.6299999999999	,	1.3415860670043e-07
6.6399999999999	,	1.2923579176933e-07
6.6499999999999	,	1.2448723864551e-07
6.6599999999999	,	1.1990702228029e-07
6.6699999999999	,	1.1548941001412e-07
6.6799999999999	,	1.1122885568788e-07
6.6899999999999	,	1.0711999388169e-07
6.6999999999999	,	1.0315763433203e-07
6.7099999999999	,	9.933675650014e-08
6.7199999999999	,	9.5652504319509e-08
6.7299999999999	,	9.2100181063689e-08
6.7399999999999	,	8.867524440531e-08
6.7499999999999	,	8.5373301583727e-08
6.7599999999999	,	8.2190104731966e-08
6.7699999999999	,	7.9121546337454e-08
6.7799999999999	,	7.6163654836501e-08
6.7899999999999	,	7.3312590338852e-08
6.7999999999999	,	7.0564640478764e-08
6.8099999999999	,	6.7916216389136e-08
6.8199999999999	,	6.5363848795293e-08
6.8299999999999	,	6.2904184225143e-08
6.8399999999999	,	6.0533981332471e-08
6.8499999999999	,	5.8250107330237e-08
6.8599999999999	,	5.6049534530823e-08
6.8699999999999	,	5.392933699028e-08
6.8799999999999	,	5.1886687253446e-08
6.8899999999999	,	4.991885319767e-08
6.8999999999999	,	4.8023194971611e-08
6.9099999999999	,	4.6197162027018e-08
6.9199999999999	,	4.4438290240625e-08
6.9299999999999	,	4.2744199123642e-08
6.9399999999999	,	4.1112589116375e-08
6.9499999999999	,	3.9541238965531e-08
6.9599999999999	,	3.8028003181868e-08
6.9699999999999	,	3.6570809575879e-08
6.9799999999999	,	3.5167656869275e-08
6.9899999999999	,	3.3816612380098e-08
6.9999999999999	,	3.2515809779332e-08
7.0099999999999	,	3.1263446916949e-08
7.0199999999999	,	3.0057783715383e-08
7.0299999999999	,	2.8897140128476e-08
7.0399999999999	,	2.7779894163985e-08
7.0499999999999	,	2.6704479967803e-08
7.0599999999999	,	2.5669385968084e-08
7.0699999999999	,	2.4673153077523e-08
7.0799999999999	,	2.3714372952079e-08
7.0899999999999	,	2.2791686304476e-08
7.0999999999999	,	2.1903781270875e-08
7.1099999999999	,	2.1049391829133e-08
7.1199999999999	,	2.0227296267131e-08
7.1299999999999	,	1.9436315699666e-08
7.1399999999999	,	1.8675312632484e-08
7.1499999999999	,	1.7943189572025e-08
7.1599999999999	,	1.7238887679522e-08
7.1699999999999	,	1.6561385467874e-08
7.1799999999999	,	1.5909697541499e-08
7.1899999999999	,	1.5282873374139e-08
7.1999999999999	,	1.4679996128447e-08
7.2099999999999	,	1.4100181512364e-08
7.2199999999999	,	1.3542576672658e-08
7.2299999999999	,	1.300635912424e-08
7.2399999999999	,	1.2490735714179e-08
7.2499999999999	,	1.1994941619356e-08
7.2599999999999	,	1.1518239376707e-08
7.2699999999999	,	1.1059917945245e-08
7.2799999999999	,	1.0619291797902e-08
7.2899999999999	,	1.0195700044695e-08
7.2999999999999	,	9.7885055829992e-09
7.3099999999999	,	9.3970942765514e-09
7.3199999999999	,	9.0208741612991e-09
7.3299999999999	,	8.6592747314646e-09
7.3399999999999	,	8.311745926718e-09
7.3499999999999	,	7.9777579545581e-09
7.3599999999999	,	7.6568000556418e-09
7.3699999999999	,	7.3483801028079e-09
7.3799999999999	,	7.0520238981763e-09
7.3899999999999	,	6.7672745459163e-09
7.3999999999999	,	6.4936918459612e-09
7.4099999999999	,	6.230851708005e-09
7.4199999999999	,	5.9783455851402e-09
7.4299999999999	,	5.7357799265116e-09
7.4399999999999	,	5.5027756483828e-09
7.4499999999999	,	5.2789676229881e-09
7.4599999999999	,	5.0640041848349e-09
7.4699999999999	,	4.8575466533147e-09
7.4799999999999	,	4.6592688718807e-09
7.4899999999999	,	4.4688567626701e-09
7.4999999999999	,	4.2860078963109e-09
7.5099999999999	,	4.1104310763837e-09
7.5199999999999	,	3.9418459380637e-09
7.5299999999999	,	3.779982560484e-09
7.5399999999999	,	3.6245810923746e-09
7.5499999999999	,	3.4753913905449e-09
7.5599999999999	,	3.3321726707906e-09
7.5699999999999	,	3.1946931708204e-09
7.5799999999999	,	3.0627298248075e-09
7.5899999999999	,	2.9360679491857e-09
7.5999999999999	,	2.8145009393204e-09
7.6099999999999	,	2.6978299766956e-09
7.6199999999999	,	2.5858637462711e-09
7.6299999999999	,	2.4784181636731e-09
7.6399999999999	,	2.3753161118925e-09
7.6499999999999	,	2.2763871871756e-09
7.6599999999999	,	2.1814674538009e-09
7.6699999999999	,	2.0903992075006e-09
7.6799999999999	,	2.0030307469187e-09
7.6899999999999	,	1.9192161536287e-09
7.6999999999999	,	1.8388150793748e-09
7.7099999999999	,	1.7616925410697e-09
7.7199999999999	,	1.6877187230203e-09
7.7299999999999	,	1.616768786079e-09
7.7399999999999	,	1.5487226836351e-09
7.7499999999999	,	1.4834649841027e-09
7.7599999999999	,	1.4208846997306e-09
7.7699999999999	,	1.3608751215112e-09
7.7799999999999	,	1.3033336599815e-09
7.7899999999999	,	1.2481616917153e-09
7.7999999999999	,	1.195264411312e-09
7.8099999999999	,	1.1445506887009e-09
7.8199999999999	,	1.0959329315369e-09
7.8299999999999	,	1.0493269526216e-09
7.8399999999999	,	1.0046518420257e-09
7.8499999999999	,	9.6182984387001e-10
7.8599999999999	,	9.2078623755277e-10
7.8699999999999	,	8.8144922328009e-10
7.8799999999999	,	8.437498117471e-10
7.8899999999999	,	8.0762171783293e-10
7.8999999999999	,	7.7300125816068e-10
7.9099999999999	,	7.3982725239421e-10
7.9199999999999	,	7.0804092813905e-10
7.9299999999999	,	6.775858293216e-10
7.9399999999999	,	6.4840772792503e-10
7.9499999999999	,	6.2045453896377e-10
7.9599999999999	,	5.936762385822e-10
7.9699999999999	,	5.680247851726e-10
7.9799999999999	,	5.4345404339269e-10
7.9899999999999	,	5.1991971099785e-10
7.9999999999999	,	4.9737924837541e-10
8.0099999999999	,	4.7579181069009e-10
8.0199999999999	,	4.5511818254732e-10
8.0299999999999	,	4.3532071508454e-10
8.0399999999999	,	4.1636326540412e-10
8.0499999999999	,	3.9821113826359e-10
8.0599999999999	,	3.808310299461e-10
8.0699999999999	,	3.641909742238e-10
8.0799999999999	,	3.482602903513e-10
8.0899999999999	,	3.3300953300695e-10
8.0999999999999	,	3.184104441156e-10
8.1099999999999	,	3.0443590648407e-10
8.1199999999999	,	2.9105989918418e-10
8.1299999999999	,	2.7825745461972e-10
8.1399999999999	,	2.6600461721652e-10
8.1499999999999	,	2.5427840367662e-10
8.1599999999999	,	2.4305676473949e-10
8.1699999999999	,	2.3231854839553e-10
8.1799999999999	,	2.2204346449881e-10
8.1899999999999	,	2.1221205072777e-10
8.1999999999999	,	2.0280563984454e-10
8.2099999999999	,	1.9380632820533e-10
8.2199999999999	,	1.8519694547579e-10
8.2299999999999	,	1.7696102550699e-10
8.2399999999999	,	1.6908277832929e-10
8.2499999999999	,	1.6154706322278e-10
8.2599999999999	,	1.5433936282436e-10
8.2699999999999	,	1.4744575823321e-10
8.2799999999999	,	1.4085290507747e-10
8.2899999999999	,	1.3454801050645e-10
8.2999999999999	,	1.2851881107384e-10
8.3099999999999	,	1.2275355147878e-10
8.3199999999999	,	1.1724096413296e-10
8.3299999999999	,	1.1197024952093e-10
8.3399999999999	,	1.0693105732888e-10
8.3499999999999	,	1.0211346830626e-10
8.3599999999999	,	9.7507976837868e-11
8.3699999999999	,	9.3105474197449e-11
8.3799999999999	,	8.8897232457622e-11
8.3899999999999	,	8.4874889031173e-11
8.3999999999999	,	8.1030431819922e-11
8.4099999999999	,	7.7356184948084e-11
8.4199999999999	,	7.3844795057965e-11
8.4299999999999	,	7.0489218146395e-11
8.4399999999999	,	6.7282706922481e-11
8.4499999999999	,	6.4218798663864e-11
8.4599999999999	,	6.1291303556356e-11
8.4699999999999	,	5.8494293495509e-11
8.4799999999999	,	5.5822091333601e-11
8.4899999999999	,	5.3269260554733e-11
8.4999999999999	,	5.0830595361599e-11
8.5099999999999	,	4.8501111158058e-11
8.5199999999999	,	4.6276035412262e-11
8.5299999999999	,	4.4150798885626e-11
8.5399999999999	,	4.2121027213504e-11
8.5499999999999	,	4.0182532823938e-11
8.5599999999999	,	3.8331307181359e-11
8.5699999999999	,	3.6563513342622e-11
8.5799999999999	,	3.4875478813214e-11
8.5899999999999	,	3.3263688691935e-11
8.5999999999999	,	3.1724779092789e-11
8.6099999999999	,	3.0255530833254e-11
8.6199999999999	,	2.8852863378492e-11
8.6299999999999	,	2.7513829031467e-11
8.6399999999999	,	2.623560735932e-11
8.6499999999999	,	2.5015499846677e-11
8.6599999999999	,	2.3850924767019e-11
8.6699999999999	,	2.2739412263421e-11
8.6799999999999	,	2.1678599630461e-11
8.6899999999999	,	2.0666226789305e-11
8.6999999999999	,	1.9700131948314e-11
8.7099999999999	,	1.877824744231e-11
8.7199999999999	,	1.7898595740518e-11
8.7299999999999	,	1.705928562356e-11
8.7399999999999	,	1.6258508513422e-11
8.7499999999999	,	1.5494534957214e-11
8.7599999999999	,	1.4765711255835e-11
8.7699999999999	,	1.4070456232193e-11
8.7799999999999	,	1.3407258133386e-11
8.7899999999999	,	1.2774671661455e-11
8.7999999999999	,	1.2171315127556e-11
8.8099999999999	,	1.1595867724564e-11
8.8199999999999	,	1.1047066913342e-11
8.8299999999999	,	1.0523705918078e-11
8.8399999999999	,	1.0024631326293e-11
8.8499999999999	,	9.5487407892519e-12
8.8599999999999	,	9.0949808187399e-12
8.8699999999999	,	8.6623446762594e-12
8.8799999999999	,	8.2498703509066e-12
8.8899999999999	,	7.8566386223069e-12
8.8999999999999	,	7.4817712051417e-12
8.9099999999999	,	7.1244289719323e-12
8.9199999999999	,	6.7838102508509e-12
8.9299999999999	,	6.4591491956539e-12
8.9399999999999	,	6.1497142243651e-12
8.9499999999999	,	5.8548065244122e-12
8.9599999999999	,	5.573758621129e-12
8.9699999999999	,	5.3059330070968e-12
8.9799999999999	,	5.0507208298479e-12
8.9899999999999	,	4.8075406355327e-12
8.9999999999999	,	4.5758371660837e-12
9.0099999999999	,	4.3550802079752e-12
9.0199999999999	,	4.1447634900631e-12
9.0299999999999	,	3.9444036287297e-12
9.0399999999999	,	3.7535391182632e-12
9.0499999999999	,	3.5717293646041e-12
9.0599999999999	,	3.3985537606492e-12
9.0699999999999	,	3.2336108013793e-12
9.0799999999999	,	3.0765172371289e-12
9.0899999999999	,	2.9269072634401e-12
9.0999999999999	,	2.7844317459105e-12
9.1099999999999	,	2.6487574786152e-12
9.1199999999999	,	2.5195664746504e-12
9.1299999999998	,	2.3965552874801e-12
9.1399999999998	,	2.2794343617626e-12
9.1499999999998	,	2.1679274124217e-12
9.1599999999998	,	2.0617708307655e-12
9.1699999999998	,	1.9607131165086e-12
9.1799999999998	,	1.8645143345975e-12
9.1899999999998	,	1.7729455957877e-12
9.1999999999998	,	1.685788559961e-12
9.2099999999998	,	1.6028349612156e-12
9.2199999999998	,	1.523886153801e-12
9.2299999999998	,	1.4487526780032e-12
9.2399999999998	,	1.3772538451395e-12
9.2499999999998	,	1.3092173408281e-12
9.2599999999998	,	1.244478845762e-12
9.2699999999998	,	1.1828816732305e-12
9.2799999999998	,	1.1242764226699e-12
9.2899999999998	,	1.0685206485523e-12
9.2999999999998	,	1.0154785439535e-12
9.3099999999998	,	9.6502063816116e-13
9.3199999999998	,	9.1702350773959e-13
9.3299999999998	,	8.7136950041385e-13
9.3399999999998	,	8.2794647129481e-13
9.3499999999998	,	7.8664753083007e-13
9.3599999999998	,	7.4737080405817e-13
9.3699999999998	,	7.1001920056612e-13
9.3799999999998	,	6.74500194849e-13
9.3899999999998	,	6.4072561633365e-13
9.3999999999998	,	6.0861144903464e-13
9.4099999999998	,	5.7807764006837e-13
9.4199999999998	,	5.4904791683738e-13
9.4299999999998	,	5.2144961243484e-13
9.4399999999998	,	4.9521349892592e-13
9.4499999999998	,	4.7027362815539e-13
9.4599999999998	,	4.4656717975118e-13
9.4699999999998	,	4.2403431600694e-13
9.4799999999998	,	4.0261804334014e-13
9.4899999999998	,	3.8226408003523e-13
9.4999999999998	,	3.6292072999402e-13
9.5099999999998	,	3.4453876222723e-13
9.5199999999998	,	3.2707129583267e-13
9.5299999999998	,	3.1047369021654e-13
9.5399999999998	,	2.9470344032352e-13
9.5499999999998	,	2.7972007666041e-13
9.5599999999998	,	2.6548506987973e-13
9.5699999999998	,	2.5196173974837e-13
9.5799999999998	,	2.3911516828131e-13
9.5899999999998	,	2.2691211686693e-13
9.5999999999998	,	2.1532094719942e-13
9.6099999999998	,	2.0431154585128e-13
9.6199999999998	,	1.9385525232341e-13
9.6299999999998	,	1.8392479039681e-13
9.6399999999998	,	1.7449420268932e-13
9.6499999999998	,	1.6553878820369e-13
9.6599999999998	,	1.5703504278055e-13
9.6699999999998	,	1.4896060231108e-13
9.6799999999998	,	1.4129418859167e-13
9.6899999999998	,	1.3401555766958e-13
9.6999999999998	,	1.2710545061659e-13
9.7099999999998	,	1.2054554658393e-13
9.7199999999998	,	1.1431841804187e-13
9.7299999999998	,	1.0840748811451e-13
9.7399999999998	,	1.0279698990479e-13
9.7499999999998	,	9.7471927722199e-14
9.7599999999998	,	9.2418040125431e-14
9.7699999999998	,	8.7621764699912e-14
9.7799999999998	,	8.3070204486542e-14
9.7899999999998	,	7.8751095987609e-14
9.7999999999998	,	7.4652778679215e-14
9.8099999999998	,	7.0764165958623e-14
9.8199999999998	,	6.7074717461622e-14
9.8299999999998	,	6.3574412686599e-14
9.8399999999998	,	6.0253725865041e-14
9.8499999999998	,	5.7103602020928e-14
9.8599999999998	,	5.411543416405e-14
9.8699999999998	,	5.1281041564791e-14
9.8799999999998	,	4.8592649060178e-14
9.8899999999998	,	4.6042867343474e-14
9.8999999999998	,	4.3624674191532e-14
9.9099999999998	,	4.1331396586339e-14
9.9199999999998	,	3.9156693689101e-14
9.9299999999998	,	3.7094540627142e-14
9.9399999999998	,	3.5139213055663e-14
9.9499999999998	,	3.3285272458167e-14
9.9599999999998	,	3.1527552150995e-14
9.9699999999998	,	2.9861143958982e-14
9.9799999999998	,	2.8281385530776e-14
9.9899999999998	,	2.6783848263781e-14
9.9999999999998	,	2.5364325810081e-14
